function y = pallab(x)

y = -0.59567+0.008793*x(1)+0.1025*x(2)+0.40967*x(3)-0.000266667*(x(1)*x(2))+0.0000*(x(1)*x(3))-0.106*(x(3)^2);

end